a = 5;
R = 5;
L = 0.02;
g = 9.8;
c = 0.3;
m = 100 + a;
fv = 0.02;
yd = 0.3 + a/100;