T = 0.2
p = [1, exp(-10.2083*T)]
z = [exp(3.7887*T), exp(-3.9791*T)]
K_M = 19.0620 * (-1 - p(1)) * (-1 - p(2)) / (-1 - z(1)) / (-1 - z(2))

A = (2 - 3.7887*T) * (2 + 3.9791*T) / 2 / (2 + 10.2083*T);
19.0620*A
C1 = (-2-3.7887*T) / (2-3.7887*T)
C2 = (-2 + 3.9791*T) / (2 + 3.9791*T)
C3 = (-2 + 10.2083*T) / (2 + 10.2083*T)

